1,0
2,1,0
3,1,0
4,1,0
5,2,0
6,1,0
7,1,0
7,3,0
8,4,3,2,0
9,4,0
10,3,0
11,2,0
12,6,4,1,0
13,4,3,1,0
14,5,3,1,0
15,1,0
165,3,2,0
17,3,0
17,5,0
17,6,0
18,7,0
18,5,2,1,0
19,5,2,1,0
20,3,0
21,2,0
22,1,0
23,5,0
24,4,3,1,0
25,3,0
26,6,2,1,0
27,5,2,1,0
28,3,0
29,2,0
30,6,4,1,0
31,3,0
31,6,0
31,7,0
31,13,0
58,19,0
58,6,5,1,0
59,7,4,2,0
59,6,5,4,3,1,0
60,1,0
61,5,2,1,0
62,6,5,3,0
63,1,0
64,4,3,1,0
65,18,0
65,4,3,1,0
66,9,8,6,0
66,8,6,5,3,2,0
67,5,2,1,0
68,9,0
68,7,5,1,0
69,6,5,2,0
70,5,3,1,0
71,6,0
71,5,3,1,0
72,10,9,3,0
72,6,4,3,2,1,0
73,25,0
73,4,3,2,0
74,7,4,3,0
75,6,6,3,1,0
76,5,4,2,0
77,6,5,2,0
78,7,2,1,0
79,9,0
79,4,3,2,0
80,9,4,2,0
80,7,5,3,2,1,0
81,4,0
82,9,6,4,0
82,8,7,6,1,0
83,7,4,2,0
84,13,0
68,9,0
68,7,5,1,0
111,49,0
113,9,0
113,15,0
113,30,0
114,11,2,1,0
115,8,7,2,0
116,6,5,2,0
117,5,2,1,0
118,33,0
119,8,0
119,45,0
120,9,6,2,0
121,18,0
122,6,2,1,0
123,2,0
124,37,0
125,7,6,5,0
126,7,4,2,0
127,1,0
127,7,0
127,63,0
128,7,2,1,0